,UK region,mean_diff_bonus_percent,median_diff_bonus_percent,lower_quartile_bonus_percent,upper_quartile_bonus_percent,Longitude,Latitude
0,East Midlands,0.3489106976744186,12.3,0.0,51.3,-1.3002699,52.9653566
1,East of England,2.689767727386619,16.2,0.0,48.75,0.859127,52.240477
2,London,17.576257054992762,29.65,0.0,54.0,-0.1277583,51.5073509
3,North East,10.146816062176166,5.2,0.0,42.125,-1.6002699,55.0428371
4,North West,14.831403082266117,11.0,0.0,47.0,-2.6779086,53.4807593
5,Northern Ireland,11.497400000000004,18.0,0.0,43.625,-5.90827699,54.597285
6,Scotland,14.633089413749474,17.0,0.0,52.05,-4.2027699,56.4907
7,South East,15.501066516347239,24.45,0.0,50.9,0.6830127,51.0834196
8,South West,-19.1881753160346,10.95,0.0,48.175000000000004,-3.2027699,51.2703623
9,Wales,1.8687414710485137,7.988999999999999,-0.268,42.2,-3.2027699,51.5
10,West Midlands,15.291317685047193,17.0,0.0,50.9,-1.890401,52.486243
11,Yorkshire and The Humber,3.6920045045045047,13.149999999999999,0.0,46.975,-1.2802699,53.7996396
