,UK region,mean_diff_hourly_percent,median_diff_hourly_percent,lower_quartile_hourly_percent,upper_quartile_hourly_percent,Longitude,Latitude
0,East Midlands,13.637922480620157,12.4,4.6,22.0,-1.3002699,52.9653566
1,East of England,14.107141067401653,13.2,4.8,23.0,0.859127,52.240477
2,London,15.702306439942113,14.6,6.0,24.3,-0.1277583,51.5073509
3,North East,12.277784974093265,11.55,3.4,20.3,-1.6002699,55.0428371
4,North West,12.813088777946604,11.3,3.6,21.0,-2.6779086,53.4807593
5,Northern Ireland,9.744166666666667,8.8,2.125,16.325,-5.90827699,54.597285
6,Scotland,11.858751581611134,11.0,2.2,20.4,-4.2027699,56.4907
7,South East,14.687979143179255,14.0,5.3,23.3,0.6830127,51.0834196
8,South West,13.655555555555555,13.4,5.8,21.9,-3.2027699,51.2703623
9,Wales,10.059154929577465,10.0,2.5,17.6,-3.2027699,51.5
10,West Midlands,13.172454048683557,12.5,4.0,21.1,-1.890401,52.486243
11,Yorkshire and The Humber,13.154114114114114,12.6,4.9,21.2,-1.2802699,53.7996396
